 <pre>

 Contingency table for Cloud base (m)
 Selection: ALL    640 stations
Period: 20220822-20220831
Used {00,03,...,21} + 00 01 ... 12
 Limits    70.0000000       150.000000       300.000000       600.000000       1000.00000       1500.00000       2500.00000       5000.00000    
 Each class is data <= limit, the very last > last limit
 Total number of values      373301
                                                       OBSERVATION
                                   1950      482      297      175      152       52       56      130      715 |      4009
                                    534      790      633      173       74       45       34       63      116 |      2462
                                    447     1381     2654     1416      336      125      130      120      188 |      6797
                                    329     1044     4170     7047     2577      676      282      287      416 |     16828
                       Prod_EC      417      733     2617     8476    11662     3781     1131      788     1668 |     31273
                                    473      619     1843     4421     9663    12808     4356     1882     3551 |     39616
                                    494      851     1659     2701     3886     6691    10202     3721     5494 |     35699
                                    497      982     2201     2836     4290     2692     3623    12128     4068 |     33317
                                   4217     2530     5426    11239    18721    19788    17866    19394   104119 |    203300

                    SUM            9358     9412    21500    38484    51361    46658    37680    38513   120335 |    373301
                                                       OBSERVATION
                                   1635      297      138      123      125       45       52       67      663 |      3145
                                    422      471      381      153       55       32       23       32      109 |      1678
                                    395     1100     1833      972      316      102       87       69      120 |      4994
                                    276      924     3906     6052     2362      648      293      289      367 |     15117
                        cyc_2h      335      704     2514     8003    10868     4125     1255      926     1359 |     30089
                                    460      598     1920     4020     9370    12871     4579     1875     3355 |     39048
                                    605      895     1972     2956     4035     6614     9533     3513     5597 |     35720
                                    814     1355     2579     3573     4745     3087     4263    12458     4852 |     37726
                                   4416     3068     6257    12632    19485    19134    17595    19284   103913 |    205784

                    SUM            9358     9412    21500    38484    51361    46658    37680    38513   120335 |    373301
                                                       OBSERVATION
                                   1712      325      172      134      135       29       62       59      678 |      3306
                                    396      519      391      136       60       36       29       23      104 |      1694
                                    373     1212     1868      920      279      113       86       79      126 |      5056
                                    333      911     3947     6126     2415      694      283      269      382 |     15360
                        cyc_3h      342      661     2504     7999    10467     3929     1250      863     1264 |     29279
                                    377      631     1863     4147     9554    12714     4395     1889     3218 |     38788
                                    685      975     1924     2848     3880     6635     9859     3466     5687 |     35959
                                    655     1149     2484     3334     4751     3069     3966    12201     4257 |     35866
                                   4485     3029     6347    12840    19820    19439    17750    19664   104619 |    207993

                    SUM            9358     9412    21500    38484    51361    46658    37680    38513   120335 |    373301

