 <pre>

 Contingency table for Low clouds (octas)
 Selection: ALL    624 stations
Period: 20220822-20220831
Used {00,03,...,21} + 00 01 ... 12
 Limits    1.00000000       2.00000000       3.00000000       4.00000000       5.00000000       6.00000000       7.00000000    
 Each class is data <= limit, the very last > last limit
 Total number of values      394166
                                              OBSERVATION
                                 162421    12926     9695     6616     6169     5380     8932    14818 |    226957
                                   7251     1552     1468     1079     1119     1046     1966     3175 |     18656
                                   4769     1122     1060      897      882      834     1587     2465 |     13616
                       Prod_EC     4251     1093     1110      835      871      806     1578     2388 |     12932
                                   3744     1144     1213      876      995      890     1803     2665 |     13330
                                   3558     1167     1268      980     1164     1132     2257     3364 |     14890
                                   4237     1479     1638     1343     1578     1590     3393     5547 |     20805
                                   8660     3814     4466     3858     4542     5192    13349    29099 |     72980

                    SUM          198891    24297    21918    16484    17320    16870    34865    63521 |    394166
                                              OBSERVATION
                                 163264    13370     9953     6887     6675     5852     9943    17761 |    233705
                                   7041     1466     1379     1103     1109     1012     2073     3528 |     18711
                                   4697     1028     1099      833      797      838     1562     2708 |     13562
                        cyc_2h     4073     1030     1098      868      785      766     1516     2501 |     12637
                                   3613     1062     1169      910      934      825     1684     2705 |     12902
                                   3537     1164     1237      991     1093     1049     2213     3315 |     14599
                                   4269     1448     1751     1240     1485     1509     3325     5303 |     20330
                                   8397     3729     4232     3652     4442     5019    12549    25700 |     67720

                    SUM          198891    24297    21918    16484    17320    16870    34865    63521 |    394166
                                              OBSERVATION
                                 164080    13492    10106     6993     6770     5896     9985    17721 |    235043
                                   6865     1372     1438     1127     1091      965     1989     3458 |     18305
                                   4390     1081     1093      840      786      844     1613     2631 |     13278
                        cyc_3h     3976     1055     1117      825      853      786     1547     2455 |     12614
                                   3617     1019     1130      854      930      927     1722     2689 |     12888
                                   3651     1186     1255      976     1065     1001     2156     3258 |     14548
                                   4150     1440     1619     1261     1483     1507     3269     5390 |     20119
                                   8162     3652     4160     3608     4342     4944    12584    25919 |     67371

                    SUM          198891    24297    21918    16484    17320    16870    34865    63521 |    394166

