 <pre>

 Contingency table for clouds <7500m (octas)
 Selection: ALL    202 stations
Period: 20220822-20220831
Used {00,03,...,21} + 00 01 ... 12
 Limits    1.00000000       2.00000000       3.00000000       4.00000000       5.00000000       6.00000000       7.00000000    
 Each class is data <= limit, the very last > last limit
 Total number of values      159245
                                              OBSERVATION
                                  39646     3452     3201     2430     2458     2053     5057     8149 |     66446
                                   2205      478      615      427      675      488     1600     2004 |      8492
                                   1792      383      524      414      608      435     1672     1844 |      7672
                       Prod_EC     1519      396      552      435      661      490     1832     2135 |      8020
                                   1175      305      479      385      666      498     2178     2423 |      8109
                                   1033      315      490      375      743      542     2743     3187 |      9428
                                   1285      373      548      489     1012      751     4086     5588 |     14132
                                   1981      577      941      733     1611     1264     9659    20180 |     36946

                    SUM           50636     6279     7350     5688     8434     6521    28827    45510 |    159245
                                              OBSERVATION
                                  38756     3280     2992     2210     2244     1891     4696     8018 |     64087
                                   2246      465      572      460      633      468     1607     2040 |      8491
                                   1874      434      481      393      598      482     1513     1777 |      7552
                        cyc_2h     1613      401      546      446      655      460     1803     2177 |      8101
                                   1302      333      533      443      682      510     2132     2467 |      8402
                                   1262      380      538      408      748      549     2511     3196 |      9592
                                   1472      365      650      489     1076      770     4208     5719 |     14749
                                   2111      621     1038      839     1798     1391    10357    20116 |     38271

                    SUM           50636     6279     7350     5688     8434     6521    28827    45510 |    159245
                                              OBSERVATION
                                  39069     3306     3112     2229     2441     1901     4832     8237 |     65127
                                   2261      486      540      482      629      466     1577     1929 |      8370
                                   1806      405      524      416      606      468     1538     1838 |      7601
                        cyc_3h     1614      419      547      451      680      496     1876     2192 |      8275
                                   1312      348      486      415      683      539     2158     2421 |      8362
                                   1164      322      457      397      725      531     2595     3127 |      9318
                                   1389      409      646      492      987      756     4219     5610 |     14508
                                   2021      584     1038      806     1683     1364    10032    20156 |     37684

                    SUM           50636     6279     7350     5688     8434     6521    28827    45510 |    159245

