 <pre>

 Contingency table for Cloud cover (octas)
 Selection: ALL    404 stations
Period: 20220822-20220831
Used {00,03,...,21} + 00 01 ... 12
 Limits   0.500000000       1.50000000       2.50000000       3.50000000       4.50000000       5.50000000       6.50000000       7.50000000    
 Each class is data <= limit, the very last > last limit
 Total number of values      260975
                                                       OBSERVATION
                                  30830     7357     5932     3398     1921     2235     1983     2046     2759 |     58461
                                   7534     2277     2214     1848     1307     1477     1648     1994     2883 |     23182
                                   3879     1320     1321     1081      796     1046     1209     1540     2426 |     14618
                                   2812      937      989      869      658      882     1143     1489     2438 |     12217
                       Prod_EC     2408      912      956      827      674      963     1202     1594     2704 |     12240
                                   2144      887      917      825      734     1046     1360     1932     3264 |     13109
                                   2199      919      971      910      866     1253     1805     2445     4479 |     15847
                                   2507     1047     1240     1253     1097     1683     2532     3939     7839 |     23137
                                   4023     1946     2044     2389     2054     3865     7140    16783    47920 |     88164

                    SUM           58336    17602    16584    13400    10107    14450    20022    33762    76712 |    260975
                                                       OBSERVATION
                                  31311     7444     5861     3366     1996     2329     2075     2117     3087 |     59586
                                   7422     2392     2331     1871     1298     1481     1621     2120     3247 |     23783
                                   3701     1255     1376     1066      796     1087     1239     1613     2683 |     14816
                                   2775      988     1042      884      697      916     1133     1470     2557 |     12462
                        cyc_2h     2377      894      895      877      675      879     1182     1591     2838 |     12208
                                   2185      841      854      857      722      984     1378     1796     3260 |     12877
                                   2193      833     1000      943      811     1215     1777     2408     4656 |     15836
                                   2488     1040     1254     1208     1063     1707     2540     3984     7875 |     23159
                                   3884     1915     1971     2328     2049     3852     7077    16663    46509 |     86248

                    SUM           58336    17602    16584    13400    10107    14450    20022    33762    76712 |    260975
                                                       OBSERVATION
                                  31789     7552     5928     3495     2046     2404     2171     2246     3204 |     60835
                                   7599     2361     2312     1856     1312     1558     1637     2022     3285 |     23942
                                   3705     1252     1284     1102      860     1080     1252     1651     2627 |     14813
                                   2644     1003     1006      837      656      889     1093     1519     2645 |     12292
                        cyc_3h     2280      920      952      877      685      897     1149     1740     2786 |     12286
                                   2146      837      928      859      707     1056     1402     1952     3493 |     13380
                                   2078      877     1029      953      792     1242     1740     2512     4657 |     15880
                                   2409      977     1225     1180     1068     1719     2618     4054     8085 |     23335
                                   3686     1823     1920     2241     1981     3605     6960    16066    45930 |     84212

                    SUM           58336    17602    16584    13400    10107    14450    20022    33762    76712 |    260975

